1 1 9.9987 0.2502 100.0 489.05 605.03 1497.17 1304.99 10.52 15.49 394.54 2318.96 8763.80 1.26 45.61 371.69 2388.18 8114.10 8.6476 0.03 369 2319 100.00 28.42 17.1551  
1 2 20.0026 0.7000 100.0 491.19 607.82 1481.20 1246.11 9.35 13.66 334.36 2323.95 8713.21 1.08 44.26 315.32 2388.12 8053.06 9.2405 0.02 364 2324 100.00 24.29 14.8039  
1 3 35.0045 0.8400 100.0 449.44 556.00 1359.08 1128.36 5.48 8.00 193.55 2222.67 8340.20 1.02 41.80 183.04 2387.75 8053.04 9.3472 0.02 333 2223 100.00 14.98 8.9125  
1 4 42.0066 0.8410 100.0 445.00 550.17 1349.69 1127.89 3.91 5.71 138.74 2211.58 8313.85 1.02 42.21 130.40 2387.72 8066.90 9.3961 0.02 332 2212 100.00 10.35 6.4181  
1 5 24.9985 0.6213 60.0 462.54 536.72 1253.18 1050.69 7.05 9.03 175.75 1915.10 7997.13 0.94 36.76 164.56 2028.05 7865.66 10.8682 0.02 305 1915 84.93 14.31 8.5740  
1 6 25.0006 0.6206 60.0 462.54 536.62 1258.90 1047.35 7.05 9.02 175.16 1915.14 8007.49 0.94 36.87 164.46 2028.03 7859.98 10.9378 0.02 307 1915 84.93 14.26 8.4941  
1 7 42.0017 0.8400 100.0 445.00 549.47 1351.28 1124.43 3.91 5.72 138.68 2211.62 8309.66 1.02 41.99 130.82 2387.73 8069.15 9.3595 0.02 330 2212 100.00 10.57 6.3555  
1 8 41.9994 0.8404 100.0 445.00 549.49 1349.20 1126.95 3.91 5.71 138.75 2211.67 8303.29 1.02 42.15 131.00 2387.70 8068.88 9.3753 0.02 330 2212 100.00 10.67 6.2992  
1 9 35.0005 0.8408 100.0 449.44 555.64 1357.76 1133.32 5.48 8.00 194.57 2222.74 8337.78 1.02 41.98 182.91 2387.76 8054.19 9.3341 0.02 336 2223 100.00 14.84 8.9374  
1 10 20.0001 0.7000 100.0 491.19 607.33 1483.66 1261.66 9.35 13.66 334.17 2323.89 8706.03 1.08 44.35 314.94 2388.03 8045.67 9.2522 0.02 365 2324 100.00 24.47 14.6186  
1 11 10.0034 0.2500 100.0 489.05 604.97 1501.43 1308.06 10.52 15.49 394.14 2318.92 8760.65 1.26 45.25 371.46 2388.16 8118.30 8.6635 0.03 370 2319 100.00 28.39 17.0537  
1 12 42.0004 0.8401 100.0 445.00 549.22 1351.25 1128.23 3.91 5.72 139.00 2211.66 8308.93 1.02 42.17 130.65 2387.66 8070.58 9.3755 0.02 331 2212 100.00 10.48 6.3410  
1 13 25.0065 0.6202 60.0 462.54 536.81 1266.49 1050.65 7.05 9.02 175.86 1915.16 8001.40 0.94 36.69 164.49 2028.05 7865.75 10.9289 0.02 307 1915 84.93 14.21 8.6485  
1 14 41.9993 0.8418 100.0 445.00 549.86 1348.21 1124.43 3.91 5.72 139.44 2211.61 8298.62 1.02 42.03 130.70 2387.70 8067.49 9.3854 0.02 333 2212 100.00 10.70 6.3459  
1 15 0.0028 0.0000 100.0 518.67 642.68 1588.08 1405.52 14.62 21.61 553.31 2388.15 9036.08 1.30 47.40 521.15 2388.13 8117.73 8.4224 0.03 391 2388 100.00 38.92 23.3790  
1 16 25.0039 0.6201 60.0 462.54 536.85 1255.39 1045.72 7.05 9.02 175.56 1915.16 8006.38 0.94 36.88 164.24 2028.06 7870.18 10.8909 0.02 308 1915 84.93 14.30 8.6670  
1 17 25.0046 0.6200 60.0 462.54 536.43 1263.53 1052.85 7.05 9.03 175.30 1915.18 7994.84 0.94 36.94 165.06 2028.04 7863.58 10.8812 0.02 306 1915 84.93 14.44 8.6406  
1 18 20.0066 0.7000 100.0 491.19 607.55 1484.77 1254.02 9.35 13.65 335.24 2323.95 8712.86 1.07 44.35 314.97 2387.99 8047.32 9.2314 0.02 365 2324 100.00 24.33 14.6571  
1 19 42.0018 0.8408 100.0 445.00 549.74 1349.26 1128.53 3.91 5.71 137.86 2211.57 8304.60 1.02 42.26 130.45 2387.68 8067.80 9.3745 0.02 330 2212 100.00 10.55 6.3165  
1 20 35.0069 0.8400 100.0 449.44 556.13 1360.08 1132.99 5.48 8.00 194.40 2222.71 8343.05 1.02 41.88 183.22 2387.80 8060.09 9.3425 0.02 333 2223 100.00 14.80 8.8903  
1 21 10.0027 0.2500 100.0 489.05 604.43 1489.56 1303.94 10.52 15.49 394.24 2318.98 8766.76 1.26 45.40 370.92 2388.15 8116.73 8.6810 0.03 370 2319 100.00 28.59 17.1567  
1 22 34.9982 0.8400 100.0 449.44 555.62 1364.46 1120.07 5.48 8.00 194.89 2222.69 8345.59 1.02 41.88 183.07 2387.82 8055.80 9.3369 0.02 334 2223 100.00 14.81 8.9771  
1 23 10.0012 0.2515 100.0 489.05 604.99 1502.94 1315.00 10.52 15.49 394.06 2318.95 8770.88 1.26 45.21 371.60 2388.23 8118.01 8.6643 0.03 370 2319 100.00 28.54 17.0128  
1 24 42.0026 0.8409 100.0 445.00 549.02 1358.44 1121.73 3.91 5.71 138.80 2211.60 8305.04 1.02 42.06 129.93 2387.67 8064.59 9.3592 0.02 332 2212 100.00 10.68 6.3513  
1 25 20.0049 0.7017 100.0 491.19 607.35 1484.56 1252.51 9.35 13.66 334.46 2323.96 8711.73 1.08 44.38 314.80 2388.07 8050.51 9.2142 0.03 365 2324 100.00 24.53 14.6724  
1 26 42.0019 0.8405 100.0 445.00 549.55 1349.35 1130.99 3.91 5.71 138.46 2211.62 8302.33 1.02 42.21 130.65 2387.69 8073.58 9.4075 0.02 331 2212 100.00 10.49 6.3442  
1 27 42.0070 0.8410 100.0 445.00 549.31 1345.42 1130.56 3.91 5.71 138.75 2211.59 8313.13 1.02 42.07 130.78 2387.71 8062.93 9.3916 0.02 330 2212 100.00 10.49 6.3296  
1 28 42.0068 0.8418 100.0 445.00 549.30 1357.39 1128.80 3.91 5.71 138.55 2211.62 8308.96 1.02 42.03 130.44 2387.62 8063.99 9.3440 0.02 331 2212 100.00 10.57 6.3721  
1 29 10.0047 0.2500 100.0 489.05 604.49 1501.87 1312.54 10.52 15.49 394.29 2318.92 8760.57 1.26 45.26 371.12 2388.17 8111.83 8.6762 0.03 369 2319 100.00 28.75 17.0546  
1 30 41.9983 0.8400 100.0 445.00 549.55 1353.61 1131.34 3.91 5.72 138.54 2211.70 8314.66 1.02 42.15 130.82 2387.67 8072.67 9.3877 0.02 330 2212 100.00 10.62 6.3198  
1 31 42.0073 0.8404 100.0 445.00 549.58 1352.84 1125.52 3.91 5.71 138.66 2211.67 8316.69 1.02 42.16 130.98 2387.69 8074.86 9.4170 0.02 331 2212 100.00 10.56 6.2812  
1 32 35.0067 0.8403 100.0 449.44 555.62 1365.86 1134.14 5.48 8.00 194.55 2222.74 8337.42 1.02 41.97 183.04 2387.83 8053.37 9.2959 0.02 334 2223 100.00 14.67 8.9619  
1 33 35.0009 0.8408 100.0 449.44 555.87 1364.69 1129.21 5.48 8.00 193.62 2222.80 8339.94 1.02 41.92 182.51 2387.85 8057.70 9.3377 0.02 333 2223 100.00 14.87 8.8815  
1 34 25.0023 0.6219 60.0 462.54 536.80 1261.54 1044.79 7.05 9.02 175.52 1915.18 8010.92 0.94 36.84 164.58 2028.07 7871.96 10.8960 0.02 306 1915 84.93 14.01 8.6475  
1 35 34.9993 0.8400 100.0 449.44 555.54 1362.10 1126.92 5.48 8.00 194.41 2222.76 8334.17 1.02 41.80 183.01 2387.81 8053.70 9.2995 0.02 332 2223 100.00 14.86 8.8023  
1 36 25.0047 0.6217 60.0 462.54 536.87 1262.34 1052.78 7.05 9.03 175.45 1915.06 8005.43 0.94 36.75 164.53 2028.06 7866.16 10.8845 0.02 306 1915 84.93 14.45 8.5771  
1 37 0.0009 0.0012 100.0 518.67 642.07 1596.41 1404.53 14.62 21.61 553.39 2388.09 9045.60 1.30 47.40 521.68 2388.12 8123.08 8.4361 0.03 393 2388 100.00 38.89 23.2925  
1 38 42.0062 0.8417 100.0 445.00 549.93 1353.79 1132.17 3.91 5.71 138.57 2211.65 8310.65 1.02 42.25 130.63 2387.72 8073.93 9.3801 0.02 330 2212 100.00 10.58 6.2903  
1 39 34.9995 0.8420 100.0 449.44 555.82 1361.37 1138.44 5.48 8.00 194.11 2222.72 8340.39 1.02 42.07 182.44 2387.79 8056.15 9.3014 0.02 333 2223 100.00 14.95 8.8077  
1 40 20.0010 0.7000 100.0 491.19 607.87 1490.79 1250.49 9.35 13.66 334.49 2323.90 8716.66 1.08 44.48 314.19 2388.04 8047.41 9.1953 0.02 366 2324 100.00 24.41 14.6732  
1 41 0.0025 0.0007 100.0 518.67 642.47 1595.21 1409.72 14.62 21.61 553.44 2388.09 9045.06 1.30 47.46 521.27 2388.10 8120.75 8.4429 0.03 393 2388 100.00 38.83 23.2955  
1 42 35.0018 0.8400 100.0 449.44 555.20 1366.71 1124.97 5.48 8.00 194.68 2222.70 8336.51 1.02 41.88 183.02 2387.79 8060.12 9.3061 0.02 333 2223 100.00 14.54 8.9625  
1 43 25.0034 0.6201 60.0 462.54 536.35 1260.54 1054.11 7.05 9.03 175.73 1915.17 8004.27 0.94 36.76 164.40 2027.99 7864.19 10.8846 0.02 307 1915 84.93 14.31 8.5917  
1 44 24.9997 0.6200 60.0 462.54 537.17 1259.07 1048.29 7.05 9.02 175.71 1915.14 7999.18 0.94 36.85 164.22 2027.98 7866.04 10.8952 0.02 308 1915 84.93 14.22 8.5249  
1 45 25.0040 0.6214 60.0 462.54 536.76 1263.30 1049.91 7.05 9.02 175.25 1915.18 8010.73 0.94 36.78 164.36 2028.03 7867.40 10.9544 0.02 307 1915 84.93 14.26 8.7476  
1 46 41.9984 0.8416 100.0 445.00 549.74 1347.59 1118.99 3.91 5.72 138.18 2211.64 8309.31 1.02 42.28 130.47 2387.61 8066.95 9.3946 0.02 332 2212 100.00 10.43 6.3785  
1 47 20.0047 0.7000 100.0 491.19 608.32 1485.03 1259.97 9.35 13.66 334.41 2323.96 8715.47 1.08 44.53 315.23 2388.04 8049.47 9.2428 0.02 365 2324 100.00 24.63 14.5702  
1 48 24.9989 0.6200 60.0 462.54 536.95 1254.99 1042.54 7.05 9.02 174.90 1915.12 7998.69 0.94 36.63 164.52 2028.04 7863.69 10.9232 0.02 307 1915 84.93 14.15 8.5341  
1 49 42.0037 0.8419 100.0 445.00 549.08 1357.48 1126.16 3.91 5.72 138.33 2211.69 8309.25 1.02 42.04 130.08 2387.70 8071.62 9.3347 0.02 331 2212 100.00 10.47 6.3771  
1 50 41.9989 0.8405 100.0 445.00 549.66 1349.34 1126.83 3.91 5.71 138.47 2211.56 8310.11 1.02 42.14 130.48 2387.69 8067.64 9.3666 0.02 330 2212 100.00 10.49 6.3317  
1 51 25.0028 0.6202 60.0 462.54 536.83 1266.63 1055.68 7.05 9.03 176.31 1915.19 8002.72 0.94 36.71 164.50 2028.01 7863.19 10.9012 0.02 306 1915 84.93 14.28 8.6016  
1 52 42.0014 0.8403 100.0 445.00 549.46 1345.85 1128.31 3.91 5.71 138.50 2211.62 8308.02 1.02 41.86 130.96 2387.73 8073.08 9.3840 0.02 332 2212 100.00 10.57 6.4166  
1 53 10.0012 0.2502 100.0 489.05 605.07 1503.54 1312.19 10.52 15.49 394.76 2318.97 8766.81 1.26 45.50 371.81 2388.21 8119.46 8.6670 0.03 368 2319 100.00 28.39 17.0880  
1 54 19.9988 0.7000 100.0 491.19 607.82 1481.63 1259.46 9.35 13.65 334.97 2323.94 8714.38 1.08 44.46 314.66 2388.09 8050.42 9.2473 0.02 365 2324 100.00 24.52 14.7624  
1 55 20.0007 0.7000 100.0 491.19 607.95 1476.74 1254.03 9.35 13.66 334.30 2323.92 8713.67 1.08 44.50 314.94 2388.06 8045.72 9.2432 0.02 366 2324 100.00 24.49 14.7589  
1 56 20.0038 0.7015 100.0 491.19 607.75 1488.98 1246.50 9.35 13.66 334.08 2323.94 8705.85 1.08 44.33 315.09 2388.06 8050.14 9.2217 0.02 366 2324 100.00 24.43 14.6111  
1 57 42.0022 0.8400 100.0 445.00 549.36 1353.76 1122.40 3.91 5.71 138.25 2211.61 8316.89 1.02 42.06 130.57 2387.72 8070.06 9.3665 0.02 333 2212 100.00 10.35 6.2675  
1 58 0.0011 0.0000 100.0 518.67 642.45 1595.09 1408.44 14.62 21.61 553.19 2388.20 9042.64 1.30 47.49 521.46 2388.13 8124.38 8.4304 0.03 394 2388 100.00 38.86 23.2910  
1 59 9.9997 0.2500 100.0 489.05 604.55 1502.13 1306.90 10.52 15.49 394.03 2318.91 8767.57 1.26 45.37 371.65 2388.16 8110.72 8.6652 0.03 368 2319 100.00 28.53 17.0247  
1 60 19.9997 0.7016 100.0 491.19 607.40 1488.52 1254.92 9.35 13.66 333.56 2323.91 8714.55 1.08 44.46 314.60 2388.11 8048.59 9.2013 0.02 365 2324 100.00 24.51 14.7853  
1 61 25.0041 0.6200 60.0 462.54 536.71 1262.12 1047.37 7.05 9.03 174.76 1915.16 8002.28 0.94 36.88 164.58 2028.01 7866.37 10.9070 0.02 309 1915 84.93 14.27 8.5651  
1 62 34.9982 0.8410 100.0 449.44 555.53 1360.54 1130.97 5.48 8.00 194.20 2222.72 8342.63 1.02 41.98 182.82 2387.80 8054.77 9.3971 0.02 335 2223 100.00 14.79 8.8707  
1 63 24.9992 0.6200 60.0 462.54 536.50 1261.94 1049.71 7.05 9.03 175.77 1915.22 8000.70 0.94 36.73 164.95 2028.06 7865.28 10.8911 0.02 307 1915 84.93 14.29 8.6163  
1 64 10.0067 0.2506 100.0 489.05 605.16 1505.83 1312.38 10.52 15.49 395.09 2318.99 8765.03 1.26 45.39 371.76 2388.15 8118.48 8.6620 0.03 369 2319 100.00 28.34 17.1220  
1 65 35.0030 0.8419 100.0 449.44 555.82 1363.95 1131.79 5.48 8.00 193.79 2222.71 8338.75 1.02 41.82 183.34 2387.83 8054.84 9.3716 0.02 333 2223 100.00 14.86 8.9551  
1 66 35.0070 0.8419 100.0 449.44 555.33 1368.00 1126.84 5.48 8.00 193.77 2222.74 8339.04 1.02 41.85 183.25 2387.84 8055.62 9.3309 0.02 333 2223 100.00 14.83 8.9278  
1 67 20.0035 0.7015 100.0 491.19 607.19 1488.78 1252.82 9.35 13.66 334.30 2323.95 8706.16 1.08 44.31 315.13 2388.02 8049.95 9.2748 0.02 364 2324 100.00 24.40 14.6860  
1 68 10.0061 0.2500 100.0 489.05 604.46 1500.01 1312.92 10.52 15.49 394.32 2318.97 8768.44 1.26 45.57 371.60 2388.19 8119.28 8.6553 0.03 368 2319 100.00 28.47 17.0426  
1 69 20.0025 0.7001 100.0 491.19 607.66 1479.55 1253.71 9.35 13.66 334.74 2323.93 8712.63 1.08 44.25 314.41 2388.06 8048.54 9.2548 0.02 366 2324 100.00 24.49 14.6875  
1 70 10.0051 0.2500 100.0 489.05 605.09 1497.45 1309.61 10.52 15.49 394.20 2318.94 8774.00 1.26 45.51 371.33 2388.16 8118.22 8.6361 0.03 371 2319 100.00 28.68 17.0913  
1 71 25.0077 0.6201 60.0 462.54 536.25 1257.01 1048.55 7.05 9.02 175.36 1915.14 8000.86 0.94 36.74 164.54 2028.01 7859.50 10.9089 0.02 307 1915 84.93 14.22 8.7064  
1 72 10.0007 0.2500 100.0 489.05 604.82 1500.60 1314.49 10.52 15.50 394.46 2318.99 8765.25 1.26 45.52 371.77 2388.13 8116.78 8.6587 0.03 371 2319 100.00 28.57 17.0045  
1 73 42.0071 0.8400 100.0 445.00 550.05 1346.88 1129.33 3.91 5.72 139.02 2211.70 8305.18 1.02 42.04 130.90 2387.67 8076.73 9.3602 0.02 332 2212 100.00 10.73 6.3238  
1 74 34.9996 0.8400 100.0 449.44 556.00 1364.61 1127.79 5.48 8.00 193.89 2222.76 8339.88 1.02 41.96 182.83 2387.80 8058.15 9.3089 0.02 334 2223 100.00 14.92 8.9684  
1 75 25.0076 0.6200 60.0 462.54 536.44 1260.34 1054.20 7.05 9.02 175.63 1915.16 8004.69 0.94 36.64 164.69 2028.07 7863.44 10.9096 0.02 308 1915 84.93 14.38 8.5317  
1 76 42.0047 0.8419 100.0 445.00 549.68 1356.07 1129.79 3.91 5.71 138.01 2211.67 8313.57 1.02 42.23 130.96 2387.76 8079.84 9.3894 0.02 332 2212 100.00 10.84 6.2527  
1 77 20.0052 0.7010 100.0 491.19 607.98 1481.71 1255.60 9.35 13.66 334.18 2323.94 8712.70 1.08 44.54 314.18 2388.09 8048.86 9.2126 0.02 365 2324 100.00 24.35 14.7149  
1 78 42.0059 0.8403 100.0 445.00 549.45 1356.13 1124.32 3.91 5.71 138.12 2211.66 8314.14 1.02 42.16 130.78 2387.78 8072.77 9.3813 0.02 332 2212 100.00 10.78 6.2444  
1 79 42.0006 0.8400 100.0 445.00 549.78 1350.95 1118.27 3.91 5.71 138.60 2211.65 8305.40 1.02 42.11 130.33 2387.68 8069.02 9.3566 0.02 331 2212 100.00 10.49 6.2865  
1 80 34.9995 0.8419 100.0 449.44 555.41 1374.89 1123.88 5.48 8.00 193.78 2222.73 8347.10 1.02 41.93 182.74 2387.86 8055.67 9.3022 0.02 334 2223 100.00 14.59 8.8761  
1 81 42.0048 0.8400 100.0 445.00 549.77 1347.55 1122.35 3.91 5.71 138.81 2211.64 8314.27 1.02 42.23 130.21 2387.69 8072.20 9.3837 0.02 331 2212 100.00 10.39 6.3440  
1 82 10.0006 0.2509 100.0 489.05 604.68 1496.21 1315.22 10.52 15.50 393.97 2318.91 8762.94 1.26 45.42 371.69 2388.17 8118.75 8.6433 0.03 370 2319 100.00 28.52 17.1232  
1 83 24.9984 0.6215 60.0 462.54 536.87 1260.50 1045.00 7.05 9.03 175.55 1915.11 7999.06 0.94 36.90 164.32 2028.02 7862.04 10.8864 0.02 308 1915 84.93 14.37 8.5475  
1 84 20.0005 0.7000 100.0 491.19 607.56 1483.13 1255.58 9.35 13.66 334.61 2323.98 8715.64 1.08 44.55 314.95 2387.99 8053.52 9.2409 0.02 366 2324 100.00 24.48 14.5669  
1 85 35.0064 0.8405 100.0 449.44 555.62 1361.74 1123.93 5.48 8.00 194.31 2222.81 8339.52 1.02 42.12 183.21 2387.87 8062.63 9.3374 0.02 333 2223 100.00 14.75 8.9654  
1 86 25.0017 0.6217 60.0 462.54 536.35 1257.52 1044.05 7.05 9.03 174.84 1915.19 8001.14 0.94 36.92 164.75 2028.05 7864.72 10.9256 0.02 307 1915 84.93 14.24 8.6281  
1 87 41.9994 0.8419 100.0 445.00 549.70 1354.75 1126.13 3.91 5.71 138.56 2211.70 8313.43 1.02 42.19 130.95 2387.76 8071.48 9.3730 0.02 331 2212 100.00 10.49 6.3675  
1 88 10.0051 0.2500 100.0 489.05 604.81 1502.34 1313.57 10.52 15.49 394.36 2318.99 8764.02 1.26 45.58 371.13 2388.17 8124.10 8.6515 0.03 369 2319 100.00 28.53 17.0702  
1 89 0.0030 0.0000 100.0 518.67 642.45 1595.38 1408.94 14.62 21.61 553.72 2388.14 9048.42 1.30 47.64 521.18 2388.11 8126.42 8.4479 0.03 393 2388 100.00 38.85 23.3359  
1 90 35.0052 0.8400 100.0 449.44 555.49 1352.53 1133.56 5.48 8.00 194.44 2222.74 8343.05 1.02 41.83 182.80 2387.86 8056.47 9.3206 0.02 336 2223 100.00 14.83 8.8882  
1 91 42.0078 0.8400 100.0 445.00 549.07 1353.96 1132.07 3.91 5.71 138.53 2211.69 8306.69 1.02 42.26 130.29 2387.75 8077.61 9.3657 0.02 328 2212 100.00 10.33 6.3964  
1 92 42.0032 0.8417 100.0 445.00 550.00 1344.36 1128.14 3.91 5.72 138.68 2211.69 8312.39 1.02 42.03 130.32 2387.80 8078.08 9.3839 0.02 331 2212 100.00 10.54 6.3432  
1 93 0.0011 0.0002 100.0 518.67 642.94 1587.24 1409.85 14.62 21.61 553.02 2388.18 9046.89 1.30 47.59 521.23 2388.14 8130.67 8.4455 0.03 393 2388 100.00 38.79 23.3301  
1 94 24.9986 0.6206 60.0 462.54 536.87 1263.13 1047.29 7.05 9.02 175.68 1915.17 7993.29 0.94 36.73 164.12 2028.05 7863.34 10.9107 0.02 308 1915 84.93 14.32 8.5171  
1 95 0.0021 0.0020 100.0 518.67 642.27 1587.06 1408.12 14.62 21.61 553.30 2388.14 9045.18 1.30 47.60 521.92 2388.18 8126.07 8.4451 0.03 393 2388 100.00 38.74 23.3383  
1 96 25.0039 0.6218 60.0 462.54 536.46 1259.60 1045.54 7.05 9.02 175.71 1915.20 8000.72 0.94 36.93 164.25 2028.05 7870.83 10.9204 0.02 307 1915 84.93 14.22 8.6558  
1 97 0.0015 0.0000 100.0 518.67 642.68 1598.75 1419.03 14.62 21.61 553.66 2388.16 9043.18 1.30 47.61 521.82 2388.17 8124.26 8.4440 0.03 393 2388 100.00 38.86 23.2697  
1 98 10.0007 0.2500 100.0 489.05 605.14 1509.35 1304.29 10.52 15.50 394.04 2319.00 8770.65 1.26 45.53 371.31 2388.21 8119.81 8.6484 0.03 369 2319 100.00 28.49 17.0574  
1 99 42.0055 0.8400 100.0 445.00 549.32 1350.37 1124.42 3.91 5.72 138.27 2211.75 8319.29 1.02 42.02 130.53 2387.74 8073.19 9.3809 0.02 331 2212 100.00 10.57 6.3302  
1 100 0.0017 0.0000 100.0 518.67 642.83 1582.85 1410.20 14.62 21.61 553.97 2388.11 9052.68 1.30 47.53 520.98 2388.08 8131.13 8.4763 0.03 394 2388 100.00 38.78 23.2917  
